2017091423131020162110100 2017211024 你走开 20170915 134121 3 2012211002 2018211024 2017211004 1 2016211004
2017091423131020162110101 2013211007 hhhhh 20170915 134121 0 5 2011211023 2017211012 2014211017 2011211009 2011211010
2017091423131020162110102 2011211003 我想打你 20170915 134121 0 1 2015211024
2017091423131020162110103 2015211024 人家会害羞的 20170915 134121 1 2014211000 5 2017211016 2016211002 2017211014 2011211006 2018211003
2017091423131020162110104 2013211002 木有发 20170915 134121 1 2011211015 5 2018211017 2015211014 2013211003 2016211007 2017211019
2017091423131020162110105 2012211008 沃德天 20170915 134121 4 2011211017 2017211004 2015211013 2018211017 0
2017091423131020162110106 2015211008 哈哈 20170915 134121 5 2017211018 2013211000 2011211022 2015211000 2018211008 0
2017091423131020162110107 2013211024 我想注意身体 20170915 134121 5 2013211016 2012211019 2015211023 2011211010 2018211015 5 2016211009 2011211003 2012211015 2017211019 2012211011
2017091423131020162110108 2013211024 北海北 20170915 134121 5 2017211019 2012211001 2018211019 2015211006 2016211005 4 2014211003 2013211017 2012211008 2018211006
2017091423131020162110109 2011211009 怎么还没写完 20170915 134121 2 2017211015 2013211000 2 2015211006 2012211003
20170914231310201621101010 2011211011 没什么了不起的 20170915 134121 2 2015211015 2015211002 3 2016211024 2015211017 2012211015
20170914231310201621101011 2016211003 事情好多啊 20170915 134121 1 2014211021 5 2011211016 2017211019 2016211015 2014211018 2014211010
20170914231310201621101012 2017211001 我也很想他 20170915 134121 4 2012211003 2017211021 2017211002 2013211002 4 2013211017 2011211006 2014211000 2016211023
20170914231310201621101013 2011211014 上邪 20170915 134121 3 2018211003 2017211016 2018211004 0
20170914231310201621101014 2012211020 我的天，怎么有你这样的人 20170915 134121 2 2018211001 2016211012 3 2011211012 2012211013 2014211004
2017091423131120112110170 2011211000 zz 20170915 134121 1 2011211011 2 2015211022 2013211016
2017091423131120112110171 2014211017 上邪 20170915 134121 4 2016211002 2017211010 2015211014 2015211003 5 2011211008 2018211017 2018211016 2013211002 2011211020
2017091423131120112110172 2011211009 伤悲 20170915 134121 5 2011211010 2015211018 2017211007 2017211016 2016211021 4 2012211009 2017211019 2012211017 2012211022
2017091423131120112110173 2015211000 南山南 20170915 134121 2 2017211000 2015211013 4 2013211013 2014211015 2013211005 2017211022
2017091423131120112110174 2018211006 嘻嘻 20170915 134121 0 5 2017211011 2012211009 2018211008 2018211007 2012211023
2017091423131120112110175 2015211005 事情好多啊 20170915 134121 1 2012211011 4 2018211002 2016211007 2016211001 2013211020
2017091423131120112110176 2012211016 我知道你很喜欢我 20170915 134121 1 2012211000 2 2018211001 2017211018
2017091423131120112110177 2015211002 好烦躁啊 20170915 134121 0 2 2014211021 2013211006
2017091423131120112110178 2013211013 上邪 20170915 134121 0 1 2012211024
2017091423131120112110179 2017211013 野子 20170915 134121 3 2018211007 2016211024 2016211001 5 2013211020 2011211003 2013211017 2013211012 2017211016
20170914231311201121101710 2017211024 我喜欢你 20170915 134121 5 2018211018 2016211024 2017211006 2014211008 2013211010 0
20170914231311201121101711 2014211010 我想打你 20170915 134121 2 2015211009 2015211021 0
20170914231311201121101712 2018211022 好烦躁啊 20170915 134121 4 2015211019 2013211006 2018211013 2012211018 5 2015211018 2016211012 2015211006 2017211010 2014211008
20170914231311201121101713 2017211008 没什么了不起的 20170915 134121 4 2013211019 2015211016 2018211010 2014211019 5 2015211006 2013211007 2013211022 2013211016 2015211013
20170914231311201121101714 2012211015 事情好多啊 20170915 134121 3 2018211014 2017211015 2015211014 3 2016211005 2017211002 2013211010
20170914231311201121101715 2017211014 zz 20170915 134121 2 2011211002 2014211019 0
20170914231311201121101716 2014211020 我的天，怎么有你这样的人 20170915 134121 3 2013211019 2015211002 2011211006 3 2013211011 2012211009 2015211020
20170914231311201121101717 2016211020 木有发 20170915 134121 0 0
20170914231311201121101718 2015211010 野子 20170915 134121 0 2 2016211020 2012211016
2017091423131220152110130 2018211020 叽叽咋咋 20170915 134121 3 2011211024 2016211005 2011211016 4 2011211007 2013211002 2016211024 2017211010
2017091423131220152110131 2015211018 没什么了不起的 20170915 134121 4 2017211022 2016211010 2016211011 2011211012 2 2013211021 2014211003
2017091423131220152110132 2014211013 南山南 20170915 134121 2 2016211017 2017211021 4 2018211008 2016211021 2013211001 2016211010
2017091423131220152110133 2013211013 我也很想他 20170915 134121 4 2017211007 2014211013 2018211001 2018211022 2 2014211001 2018211024
2017091423131220152110134 2017211023 小酒窝 20170915 134121 5 2016211014 2013211014 2013211003 2018211003 2015211011 3 2018211017 2012211024 2017211006
2017091423131220152110135 2011211017 啊啊啊啊啊 20170915 134121 1 2014211006 4 2011211013 2014211006 2017211013 2017211022
2017091423131220152110136 2013211007 哈哈 20170915 134121 5 2017211000 2012211004 2012211000 2013211021 2015211014 4 2018211023 2015211011 2017211014 2011211000
2017091423131220152110137 2012211007 你走开 20170915 134121 5 2014211022 2018211024 2014211001 2012211010 2016211015 5 2011211008 2017211006 2015211007 2012211020 2017211013
2017091423131220152110138 2011211000 哈哈 20170915 134121 5 2016211024 2011211008 2018211019 2017211020 2013211014 4 2012211000 2017211009 2011211023 2012211013
2017091423131220152110139 2017211016 野子 20170915 134121 1 2013211010 1 2018211017
20170914231312201521101310 2014211010 我想打你 20170915 134121 4 2014211005 2011211013 2011211018 2015211024 0
20170914231312201521101311 2017211003 别离 20170915 134121 3 2017211021 2016211013 2014211015 4 2012211019 2014211004 2016211024 2011211014
20170914231312201521101312 2018211019 我也很想他 20170915 134121 1 2018211023 5 2013211013 2018211015 2017211013 2018211000 2018211017
20170914231312201521101313 2011211002 叶子 20170915 134121 4 2012211003 2012211016 2016211018 2013211010 5 2012211003 2012211014 2013211022 2017211024 2015211011
20170914231312201521101314 2014211019 你的名字 20170915 134121 1 2012211023 4 2012211004 2011211022 2014211005 2015211016
20170914231312201521101315 2018211008 我想注意身体 20170915 134121 1 2013211011 4 2016211022 2018211001 2018211012 2018211014
20170914231312201521101316 2018211009 沃德天 20170915 134121 3 2013211021 2014211007 2013211005 3 2014211001 2016211020 2014211020
20170914231312201521101317 2016211012 我也很想他 20170915 134121 4 2011211001 2014211002 2011211020 2012211018 2 2013211024 2011211019
2017091423131320122110030 2016211011 上邪 20170915 134121 2 2016211006 2018211022 2 2018211017 2018211013
2017091423131320122110031 2013211013 伤悲 20170915 134121 3 2016211017 2012211010 2013211007 5 2016211018 2012211018 2012211022 2013211011 2016211000
2017091423131320122110032 2015211007 沃德天 20170915 134121 5 2016211008 2017211016 2012211014 2018211019 2016211014 2 2018211002 2014211019
2017091423131320122110033 2012211001 对不起，我不适合你 20170915 134121 1 2015211004 0
2017091423131320122110034 2016211000 我喜欢你 20170915 134121 0 1 2014211003
2017091423131320122110035 2018211010 好烦躁啊 20170915 134121 3 2016211011 2015211019 2018211005 3 2015211001 2016211009 2017211007
2017091423131320122110036 2016211023 我的天，怎么有你这样的人 20170915 134121 2 2017211012 2011211007 0
2017091423131320122110037 2012211010 你走开 20170915 134121 1 2014211023 1 2012211007
2017091423131320122110038 2014211008 大雪纷飞，四季如春 20170915 134121 1 2016211013 2 2016211009 2014211000
2017091423131320122110039 2016211009 木有发 20170915 134121 5 2018211002 2014211011 2017211000 2016211000 2016211024 5 2018211016 2014211004 2014211011 2014211002 2016211023
20170914231313201221100310 2011211009 qqqqqq 20170915 134121 2 2018211017 2011211022 5 2014211008 2016211010 2016211020 2017211016 2016211017
20170914231313201221100311 2017211018 去你的 20170915 134121 0 4 2017211017 2018211013 2015211017 2017211018
20170914231313201221100312 2011211002 你好傻 20170915 134121 1 2012211012 4 2016211015 2014211003 2015211018 2011211001
20170914231313201221100313 2018211011 呵呵 20170915 134121 0 3 2012211004 2013211003 2014211015
20170914231313201221100314 2012211003 大雪纷飞，四季如春 20170915 134121 1 2011211004 5 2015211013 2013211010 2017211003 2017211004 2017211007
2017091423131420122110020 2012211022 ........... 20170915 134121 5 2016211004 2016211014 2014211012 2013211005 2011211016 4 2017211011 2012211012 2013211015 2015211021
2017091423131420122110021 2012211017 怎么有你这样的人 20170915 134121 4 2013211010 2012211010 2012211021 2015211023 0
2017091423131420122110022 2013211023 oh,gezi... 20170915 134121 2 2016211020 2016211000 2 2012211014 2013211024
2017091423131420122110023 2014211020 沃德天 20170915 134121 1 2013211023 5 2011211019 2017211014 2016211001 2016211023 2014211017
2017091423131420122110024 2015211010 怎么有你这样的人 20170915 134121 5 2018211020 2017211022 2014211016 2011211010 2011211018 2 2017211004 2016211016
2017091423131420122110025 2015211012 事情好多啊 20170915 134121 3 2013211004 2017211022 2012211015 4 2016211009 2014211024 2011211016 2011211011
2017091423131420122110026 2012211013 没什么了不起的 20170915 134121 0 2 2011211019 2017211022
2017091423131420122110027 2015211006 对不起，我不适合你 20170915 134121 1 2012211023 3 2011211015 2018211002 2014211010
2017091423131420122110028 2013211018 你好傻 20170915 134121 2 2012211018 2015211016 1 2012211006
2017091423131420122110029 2012211021 叶子 20170915 134121 4 2014211005 2016211021 2012211003 2018211019 4 2014211016 2016211006 2011211022 2012211017
20170914231314201221100210 2014211002 南山南 20170915 134121 5 2015211014 2016211024 2016211012 2011211002 2014211008 0
20170914231314201221100211 2011211002 对不起，我不适合你 20170915 134121 1 2014211020 1 2015211022
20170914231314201221100212 2017211024 zz 20170915 134121 4 2011211016 2011211009 2017211013 2014211022 4 2018211005 2012211020 2017211010 2015211013
20170914231314201221100213 2011211000 野子 20170915 134121 4 2014211015 2015211011 2012211005 2013211005 2 2018211002 2012211004
20170914231314201221100214 2011211003 上邪 20170915 134121 2 2013211004 2011211014 0
20170914231314201221100215 2018211023 gg 20170915 134121 1 2016211024 1 2016211010
20170914231314201221100216 2014211004 上邪 20170915 134121 0 2 2011211017 2012211013
2017091423131520122110090 2018211014 你的名字 20170915 134121 3 2011211007 2015211010 2016211001 4 2013211008 2011211024 2018211020 2012211023
2017091423131520122110091 2012211020 嘻嘻 20170915 134121 2 2013211001 2014211003 5 2018211016 2017211000 2012211003 2012211010 2013211018
2017091423131520122110092 2011211020 嘻嘻 20170915 134121 0 3 2015211017 2016211017 2016211020
2017091423131520122110093 2016211009 北海北 20170915 134121 5 2015211019 2018211018 2014211012 2014211006 2014211002 2 2017211024 2014211000
2017091423131520122110094 2013211019 怎么还没写完 20170915 134121 5 2014211003 2016211004 2016211019 2013211019 2011211006 0
2017091423131520122110095 2013211024 呵呵 20170915 134121 3 2017211024 2014211001 2017211011 5 2015211023 2017211014 2018211011 2011211023 2016211022
2017091423131520122110096 2014211000 叽叽咋咋 20170915 134121 3 2015211000 2011211024 2011211008 0
2017091423131520122110097 2013211018 小酒窝 20170915 134121 1 2011211008 4 2016211012 2011211023 2015211023 2012211010
2017091423131520122110098 2016211023 对不起，我不适合你 20170915 134121 1 2016211015 3 2014211017 2013211009 2011211023
2017091423131520122110099 2014211007 我也很想他 20170915 134121 3 2014211000 2013211020 2018211011 0
20170914231315201221100910 2017211014 伤悲 20170915 134121 2 2012211006 2014211010 3 2013211007 2013211005 2012211000
20170914231315201221100911 2016211015 whatTheHell... 20170915 134121 2 2014211007 2011211019 5 2017211015 2014211014 2013211018 2011211021 2012211019
20170914231315201221100912 2013211006 你走开 20170915 134121 2 2014211010 2018211005 0
20170914231315201221100913 2018211023 我去 20170915 134121 2 2016211010 2011211003 5 2012211000 2013211001 2013211003 2017211001 2014211010
20170914231315201221100914 2016211005 放飞自我 20170915 134121 3 2017211023 2013211021 2015211002 3 2018211013 2014211015 2014211013
2017091423131620172110190 2014211017 哈哈 20170915 134121 0 2 2014211024 2014211023
2017091423131620172110191 2015211007 怎么还没写完 20170915 134121 4 2018211005 2015211000 2014211001 2013211008 1 2014211021
2017091423131620172110192 2016211014 hhhhh 20170915 134121 2 2016211020 2015211007 3 2018211019 2018211017 2017211005
2017091423131620172110193 2016211001 小酒窝 20170915 134121 2 2011211018 2016211011 4 2015211019 2011211023 2012211008 2018211004
2017091423131620172110194 2017211018 怎么有你这样的人 20170915 134121 4 2011211010 2015211021 2015211022 2015211020 4 2013211020 2016211001 2017211014 2012211024
2017091423131620172110195 2012211004 我想注意身体 20170915 134121 5 2018211022 2012211011 2015211016 2016211004 2016211013 2 2012211015 2013211020
2017091423131620172110196 2015211001 南山南 20170915 134121 0 1 2013211020
2017091423131620172110197 2013211019 伤悲 20170915 134121 0 4 2014211006 2014211020 2017211001 2017211015
2017091423131620172110198 2013211007 放飞自我 20170915 134121 0 1 2012211007
2017091423131620172110199 2013211001 嘻嘻 20170915 134121 1 2012211016 3 2016211019 2012211019 2016211016
20170914231316201721101910 2014211015 我去 20170915 134121 1 2017211019 0
20170914231316201721101911 2018211013 木有发 20170915 134121 0 5 2011211009 2011211003 2015211007 2012211015 2015211013
20170914231316201721101912 2012211001 哈哈 20170915 134121 5 2011211002 2015211005 2018211002 2014211024 2017211002 4 2013211003 2017211022 2011211023 2016211014
20170914231316201721101913 2011211013 我的天，怎么有你这样的人 20170915 134121 1 2018211018 0
20170914231316201721101914 2011211014 怎么还没写完 20170915 134121 0 0
20170914231316201721101915 2015211014 hhhhh 20170915 134121 5 2015211009 2017211015 2015211018 2017211010 2013211012 5 2013211008 2013211010 2011211023 2014211004 2011211024
20170914231316201721101916 2011211016 上邪 20170915 134121 1 2018211016 4 2011211021 2012211005 2014211012 2014211009
20170914231316201721101917 2012211011 想睡觉 20170915 134121 5 2012211020 2016211007 2011211008 2016211020 2012211024 1 2013211012
2017091423131720172110070 2011211011 你好傻 20170915 134121 2 2013211023 2016211016 5 2015211007 2012211002 2013211016 2012211007 2013211017
2017091423131720172110071 2014211024 whatTheHell... 20170915 134121 2 2015211001 2011211009 4 2016211021 2011211016 2014211013 2012211019
2017091423131720172110072 2013211012 你走开 20170915 134121 4 2012211021 2011211015 2016211012 2015211000 0
2017091423131720172110073 2014211016 放飞自我 20170915 134121 5 2011211000 2016211001 2012211024 2014211005 2014211014 1 2018211001
2017091423131720172110074 2017211024 怎么有你这样的人 20170915 134121 2 2012211001 2013211006 2 2014211001 2017211009
2017091423131720172110075 2012211004 木有发 20170915 134121 0 0
2017091423131720172110076 2016211021 zz 20170915 134121 5 2011211004 2017211014 2015211003 2011211002 2013211000 4 2012211013 2014211000 2013211008 2014211014
2017091423131720172110077 2013211022 野子 20170915 134121 5 2015211019 2012211000 2017211003 2017211019 2016211024 0
2017091423131720172110078 2012211007 啊啊啊啊啊 20170915 134121 0 1 2016211005
2017091423131720172110079 2017211008 hhhhh 20170915 134121 5 2015211023 2014211006 2017211003 2012211008 2017211002 0
20170914231317201721100710 2017211001 gg 20170915 134121 3 2017211006 2011211000 2013211011 0
20170914231317201721100711 2014211012 叶子 20170915 134121 4 2018211001 2011211008 2011211006 2017211018 5 2015211020 2013211024 2014211001 2014211023 2011211007
20170914231317201721100712 2018211021 木有发 20170915 134121 2 2014211009 2011211005 2 2014211000 2016211014
20170914231317201721100713 2012211002 呵呵 20170915 134121 1 2011211001 1 2017211009
20170914231317201721100714 2014211000 北海北 20170915 134121 2 2014211003 2013211014 0
20170914231317201721100715 2016211001 别离 20170915 134121 3 2018211005 2014211023 2018211003 2 2018211007 2013211003
20170914231317201721100716 2013211008 南山南 20170915 134121 5 2017211000 2014211015 2014211023 2015211018 2018211002 4 2012211006 2012211010 2016211003 2016211016
2017091423131820162110210 2015211021 别离 20170915 134121 3 2012211004 2018211008 2015211000 5 2017211017 2011211005 2011211004 2012211014 2018211016
2017091423131820162110211 2012211005 嘻嘻 20170915 134121 1 2016211000 5 2016211002 2015211024 2018211000 2018211013 2012211022
2017091423131820162110212 2018211000 啊啊啊啊啊 20170915 134121 4 2016211024 2012211020 2012211001 2013211005 5 2017211013 2015211024 2011211018 2011211001 2015211019
2017091423131820162110213 2017211002 zz 20170915 134121 5 2014211014 2016211019 2018211014 2017211018 2012211013 1 2017211012
2017091423131820162110214 2012211013 木有发 20170915 134121 3 2014211005 2016211000 2012211005 0
2017091423131820162110215 2012211013 我去 20170915 134121 1 2013211019 4 2018211013 2013211012 2013211016 2011211013
2017091423131820162110216 2016211011 去你的 20170915 134121 1 2017211011 3 2018211001 2016211002 2011211009
2017091423131820162110217 2012211003 我想打你 20170915 134121 1 2012211013 1 2014211010
2017091423131820162110218 2014211020 我去 20170915 134121 0 0
2017091423131820162110219 2015211019 小酒窝 20170915 134121 0 1 2011211007
20170914231318201621102110 2017211012 嘻嘻 20170915 134121 2 2016211011 2012211005 5 2014211007 2015211016 2014211000 2011211024 2013211008
20170914231318201621102111 2011211018 事情好多啊 20170915 134121 4 2018211018 2011211014 2011211018 2017211000 5 2011211008 2013211021 2014211023 2013211007 2011211003
20170914231318201621102112 2018211000 想睡觉 20170915 134121 5 2015211008 2017211013 2016211022 2013211019 2012211017 3 2015211008 2012211015 2015211005
20170914231318201621102113 2015211011 木有发 20170915 134121 1 2012211017 1 2016211015
20170914231318201621102114 2016211002 叽叽咋咋 20170915 134121 1 2015211021 4 2014211010 2018211022 2018211005 2011211002
20170914231318201621102115 2018211019 zz 20170915 134121 5 2015211014 2011211018 2017211009 2012211014 2011211023 3 2014211021 2011211006 2012211000
20170914231318201621102116 2011211007 啊啊啊啊啊 20170915 134121 4 2017211011 2014211024 2012211005 2018211001 4 2016211010 2018211014 2014211008 2014211024
20170914231318201621102117 2015211001 木有发 20170915 134121 2 2016211016 2014211005 5 2018211020 2012211014 2014211017 2018211023 2016211020
2017091423131920112110060 2013211022 对不起，我不适合你 20170915 134121 4 2018211010 2011211006 2011211007 2018211015 4 2018211003 2017211012 2013211014 2013211021
2017091423131920112110061 2011211000 怎么还没写完 20170915 134121 2 2013211008 2012211001 0
2017091423131920112110062 2015211024 我也很想他 20170915 134121 3 2017211010 2018211014 2017211015 2 2018211003 2014211007
2017091423131920112110063 2013211018 qqqqqq 20170915 134121 0 2 2011211012 2018211014
2017091423131920112110064 2012211020 你好傻 20170915 134121 4 2012211024 2014211016 2016211016 2015211018 1 2016211021
2017091423131920112110065 2011211018 你走开 20170915 134121 1 2018211021 3 2012211007 2012211010 2011211000
2017091423131920112110066 2011211013 我也很想他 20170915 134121 2 2017211018 2016211007 0
2017091423131920112110067 2013211023 伤悲 20170915 134121 2 2013211023 2017211005 5 2013211013 2017211014 2017211019 2015211010 2016211024
2017091423131920112110068 2013211008 事情好多啊 20170915 134121 5 2015211010 2013211002 2018211004 2013211023 2013211005 2 2014211018 2013211010
2017091423131920112110069 2015211007 qqqqqq 20170915 134121 3 2011211014 2014211011 2013211017 3 2018211012 2017211019 2018211020
20170914231319201121100610 2017211020 呵呵 20170915 134121 5 2012211016 2014211014 2011211007 2013211008 2016211010 5 2015211015 2014211021 2012211001 2014211008 2016211017
20170914231319201121100611 2017211012 叽叽咋咋 20170915 134121 3 2018211004 2018211024 2011211003 2 2016211003 2011211010
20170914231319201121100612 2016211023 去你的 20170915 134121 2 2018211002 2013211016 2 2015211006 2017211000
20170914231319201121100613 2018211022 啊啊啊啊啊 20170915 134121 3 2018211005 2011211022 2013211008 2 2015211004 2017211003
20170914231319201121100614 2017211004 qqqqqq 20170915 134121 1 2012211006 1 2015211014
20170914231319201121100615 2011211018 hhhhh 20170915 134121 5 2015211022 2013211024 2011211002 2014211002 2018211008 1 2017211001
20170914231319201121100616 2016211022 我喜欢你 20170915 134121 0 0
20170914231319201121100617 2018211024 我的天，怎么有你这样的人 20170915 134121 2 2017211003 2017211007 5 2011211023 2017211000 2017211018 2016211006 2018211014
20170914231319201121100618 2016211020 对不起，我不适合你 20170915 134121 2 2018211020 2011211002 5 2011211023 2018211015 2016211015 2014211004 2011211011
20170914231319201121100619 2018211010 哈哈 20170915 134121 1 2011211019 4 2015211016 2017211014 2017211007 2017211024
2017091423132020172110180 2011211006 没什么了不起的 20170915 134121 1 2011211020 1 2015211023
2017091423132020172110181 2018211007 ........... 20170915 134121 5 2015211024 2014211008 2012211014 2014211006 2011211019 5 2013211023 2011211003 2012211020 2014211007 2017211011
2017091423132020172110182 2016211024 小酒窝 20170915 134121 5 2013211013 2014211001 2012211004 2011211011 2013211024 1 2012211015
2017091423132020172110183 2018211022 我的天，怎么有你这样的人 20170915 134121 1 2016211003 3 2015211007 2011211002 2013211007
2017091423132020172110184 2013211019 你好傻 20170915 134121 4 2015211023 2017211013 2012211002 2011211003 2 2014211000 2016211005
2017091423132020172110185 2016211015 我喜欢你 20170915 134121 0 3 2011211002 2012211011 2017211018
2017091423132020172110186 2016211004 伤悲 20170915 134121 1 2012211009 4 2013211020 2013211013 2016211005 2013211008
2017091423132020172110187 2014211024 上邪 20170915 134121 0 3 2018211021 2016211008 2016211002
2017091423132020172110188 2014211019 qqqqqq 20170915 134121 5 2015211016 2018211017 2011211008 2018211023 2012211021 2 2018211009 2014211007
2017091423132020172110189 2014211011 事情好多啊 20170915 134121 3 2015211001 2017211008 2011211024 3 2014211015 2016211005 2017211004
20170914231320201721101810 2015211002 北海北 20170915 134121 2 2016211018 2017211022 3 2014211009 2017211022 2015211004
20170914231320201721101811 2013211003 大雪纷飞，四季如春 20170915 134121 5 2014211005 2013211007 2014211023 2018211013 2015211018 3 2013211011 2012211005 2011211019
20170914231320201721101812 2011211015 南山南 20170915 134121 1 2014211019 1 2018211009
20170914231320201721101813 2016211024 伤悲 20170915 134121 0 2 2013211006 2011211010
20170914231320201721101814 2011211023 怎么还没写完 20170915 134121 3 2011211021 2013211015 2017211012 2 2017211023 2012211010
20170914231320201721101815 2018211022 木有发 20170915 134121 2 2018211019 2012211009 5 2012211022 2018211016 2013211016 2016211007 2017211021
20170914231320201721101816 2014211024 你好傻 20170915 134121 4 2012211007 2014211021 2014211016 2016211021 4 2018211003 2012211000 2011211020 2011211002
20170914231320201721101817 2011211001 我想注意身体 20170915 134121 5 2017211011 2014211010 2016211012 2016211001 2013211017 3 2015211006 2015211008 2013211013
20170914231320201721101818 2017211000 ........... 20170915 134121 4 2012211024 2016211009 2013211001 2017211013 1 2012211013
20170914231320201721101819 2011211005 oh,gezi... 20170915 134121 5 2013211016 2014211008 2016211017 2015211002 2011211002 0
2017091423132120152110070 2014211017 whatTheHell... 20170915 134121 5 2012211021 2014211018 2015211002 2011211024 2013211021 4 2018211003 2014211022 2018211001 2018211002
2017091423132120152110071 2018211000 我知道你很喜欢我 20170915 134121 0 4 2014211003 2017211004 2012211018 2018211004
2017091423132120152110072 2017211016 呵呵 20170915 134121 3 2013211019 2017211011 2014211010 4 2018211008 2018211021 2014211020 2013211003
2017091423132120152110073 2017211023 qqqqqq 20170915 134121 5 2016211013 2017211020 2014211006 2015211011 2016211007 1 2011211005
2017091423132120152110074 2015211004 好烦躁啊 20170915 134121 2 2014211001 2018211008 1 2016211007
2017091423132120152110075 2016211002 木有发 20170915 134121 0 5 2016211012 2011211000 2015211005 2011211023 2014211005
2017091423132120152110076 2011211000 啊啊啊啊啊 20170915 134121 4 2018211016 2015211022 2016211015 2018211018 5 2016211019 2015211012 2013211010 2011211022 2017211014
2017091423132120152110077 2011211015 去你的 20170915 134121 2 2015211010 2017211021 2 2012211022 2012211010
2017091423132120152110078 2017211006 呵呵 20170915 134121 3 2016211000 2012211022 2013211015 5 2013211009 2018211006 2017211005 2017211004 2018211003
2017091423132120152110079 2017211017 小酒窝 20170915 134121 4 2015211006 2017211003 2015211001 2018211018 1 2018211021
20170914231321201521100710 2012211004 我的天，怎么有你这样的人 20170915 134121 5 2016211019 2014211004 2012211013 2018211001 2015211001 0
20170914231321201521100711 2015211018 事情好多啊 20170915 134121 1 2016211016 5 2015211008 2018211002 2016211023 2013211015 2014211010
20170914231321201521100712 2011211009 我的天，怎么有你这样的人 20170915 134121 5 2015211014 2017211017 2013211008 2012211001 2011211012 5 2016211018 2015211009 2012211011 2012211015 2017211013
20170914231321201521100713 2018211007 好烦躁啊 20170915 134121 1 2017211014 3 2014211016 2018211023 2017211005
20170914231321201521100714 2013211006 上邪 20170915 134121 0 0
20170914231321201521100715 2013211010 我也很想他 20170915 134121 4 2017211015 2012211017 2017211010 2015211005 0
20170914231321201521100716 2013211018 别离 20170915 134121 0 2 2011211024 2014211003
2017091423132220122110020 2012211006 嘻嘻 20170915 134121 2 2016211022 2015211015 0
2017091423132220122110021 2017211022 事情好多啊 20170915 134121 2 2017211006 2016211020 0
2017091423132220122110022 2014211009 放飞自我 20170915 134121 1 2018211004 0
2017091423132220122110023 2015211008 怎么还没写完 20170915 134121 1 2017211021 0
2017091423132220122110024 2013211006 好烦躁啊 20170915 134121 1 2013211005 0
2017091423132220122110025 2011211002 沃德天 20170915 134121 1 2015211007 3 2018211007 2012211008 2013211020
2017091423132220122110026 2018211018 zz 20170915 134121 4 2013211011 2013211000 2015211019 2016211008 5 2013211016 2014211009 2012211021 2015211011 2015211013
2017091423132220122110027 2015211013 呵呵 20170915 134121 0 1 2017211013
2017091423132220122110028 2012211015 oh,gezi... 20170915 134121 3 2014211018 2015211021 2017211011 3 2014211000 2012211024 2016211022
2017091423132220122110029 2013211022 南山南 20170915 134121 0 3 2012211002 2016211009 2017211011
20170914231322201221100210 2012211000 whatTheHell... 20170915 134121 2 2011211016 2013211015 5 2013211020 2017211023 2015211013 2016211018 2014211000
20170914231322201221100211 2017211023 伤悲 20170915 134121 4 2011211009 2015211017 2013211012 2016211008 0
20170914231322201221100212 2015211024 哈哈 20170915 134121 2 2011211018 2017211008 2 2016211000 2012211014
20170914231322201221100213 2012211017 木有发 20170915 134121 1 2015211005 5 2018211016 2012211024 2011211015 2014211005 2011211012
20170914231322201221100214 2015211011 我喜欢你 20170915 134121 0 2 2016211009 2018211015
2017091423132320162110240 2012211014 ........... 20170915 134121 0 2 2018211012 2015211000
2017091423132320162110241 2015211018 沃德天 20170915 134121 0 3 2018211003 2013211011 2017211014
2017091423132320162110242 2013211023 你的名字 20170915 134121 3 2015211013 2015211018 2013211003 5 2014211012 2016211018 2017211011 2015211020 2015211007
2017091423132320162110243 2012211008 oh,gezi... 20170915 134121 5 2016211005 2016211002 2011211012 2014211023 2015211011 4 2018211014 2014211010 2013211009 2014211001
2017091423132320162110244 2017211015 没什么了不起的 20170915 134121 4 2013211021 2017211014 2014211012 2016211005 3 2013211012 2011211011 2015211024
2017091423132320162110245 2015211006 我也很想他 20170915 134121 3 2015211008 2016211010 2015211016 4 2016211006 2012211000 2015211008 2014211014
2017091423132320162110246 2012211014 想睡觉 20170915 134121 1 2015211022 0
2017091423132320162110247 2012211005 人家会害羞的 20170915 134121 3 2012211010 2018211000 2014211011 2 2017211011 2013211022
2017091423132320162110248 2011211013 嘻嘻 20170915 134121 1 2018211017 1 2018211006
2017091423132320162110249 2012211020 上邪 20170915 134121 5 2011211020 2012211001 2015211020 2014211006 2011211010 3 2016211014 2015211010 2013211009
20170914231323201621102410 2018211016 我想注意身体 20170915 134121 0 5 2017211024 2017211004 2016211012 2017211016 2017211023
20170914231323201621102411 2013211021 我的天，怎么有你这样的人 20170915 134121 0 5 2017211017 2017211012 2015211013 2013211008 2017211010
20170914231323201621102412 2014211004 沃德天 20170915 134121 0 0
20170914231323201621102413 2012211020 哈哈 20170915 134121 2 2014211020 2012211000 5 2012211024 2012211008 2013211018 2013211004 2013211022
20170914231323201621102414 2017211017 放飞自我 20170915 134121 2 2016211014 2013211007 4 2017211024 2015211002 2015211020 2011211011
20170914231323201621102415 2016211020 放飞自我 20170915 134121 2 2013211017 2013211014 5 2017211005 2016211008 2011211012 2012211021 2017211009
20170914231323201621102416 2011211001 野子 20170915 134121 2 2014211023 2015211010 4 2012211017 2011211024 2016211016 2017211013
2017091423132420152110120 2016211007 叶子 20170915 134121 2 2017211010 2013211006 1 2013211023
2017091423132420152110121 2014211018 木有发 20170915 134121 3 2015211008 2016211009 2016211018 1 2016211012
2017091423132420152110122 2016211001 放飞自我 20170915 134121 3 2015211007 2018211011 2011211020 5 2013211003 2012211005 2017211015 2017211017 2018211016
2017091423132420152110123 2015211020 嘻嘻 20170915 134121 1 2017211005 5 2017211000 2016211012 2017211019 2016211013 2018211013
2017091423132420152110124 2013211024 叶子 20170915 134121 1 2012211013 5 2018211013 2016211009 2018211023 2013211004 2014211022
2017091423132420152110125 2013211013 对不起，我不适合你 20170915 134121 0 2 2017211012 2012211021
2017091423132420152110126 2016211000 我想注意身体 20170915 134121 5 2013211007 2018211018 2013211006 2012211009 2015211001 5 2012211009 2012211010 2017211006 2012211002 2011211006
2017091423132420152110127 2015211004 oh,gezi... 20170915 134121 0 2 2012211017 2012211000
2017091423132420152110128 2011211021 怎么有你这样的人 20170915 134121 4 2013211020 2011211012 2011211005 2011211010 4 2018211019 2012211017 2011211015 2017211007
2017091423132420152110129 2014211016 我的天，怎么有你这样的人 20170915 134121 4 2012211014 2013211011 2011211010 2012211023 3 2012211003 2017211011 2018211009
20170914231324201521101210 2017211007 小酒窝 20170915 134121 1 2017211024 1 2015211000
20170914231324201521101211 2016211020 叶子 20170915 134121 5 2015211002 2014211000 2017211005 2017211016 2014211015 2 2018211001 2015211008
20170914231324201521101212 2017211024 放飞自我 20170915 134121 4 2013211011 2017211001 2013211002 2012211010 1 2018211011
20170914231324201521101213 2012211007 我也很想他 20170915 134121 2 2015211010 2014211000 5 2017211005 2016211021 2013211011 2011211009 2016211005
20170914231324201521101214 2018211014 我去 20170915 134121 1 2016211022 0
20170914231324201521101215 2014211003 你的名字 20170915 134121 4 2011211000 2011211021 2012211004 2014211004 2 2016211004 2016211000
20170914231324201521101216 2011211013 oh,gezi... 20170915 134121 5 2017211000 2011211019 2013211000 2016211019 2011211003 1 2011211001
20170914231324201521101217 2015211008 oh,gezi... 20170915 134121 0 5 2016211015 2017211003 2017211023 2016211024 2012211007
20170914231324201521101218 2018211016 我知道你很喜欢我 20170915 134121 2 2014211020 2012211013 1 2018211021
20170914231324201521101219 2017211022 我知道你很喜欢我 20170915 134121 2 2018211002 2015211024 5 2017211018 2013211024 2016211002 2018211003 2011211022
2017091423132520132110150 2013211020 木有发 20170915 134121 1 2014211014 3 2012211024 2014211001 2014211000
2017091423132520132110151 2012211002 我也很想他 20170915 134121 2 2014211000 2017211020 2 2011211006 2012211018
2017091423132520132110152 2018211003 我也很想他 20170915 134121 2 2014211017 2017211015 2 2017211000 2013211004
2017091423132520132110153 2015211024 大雪纷飞，四季如春 20170915 134121 5 2018211014 2012211016 2012211017 2012211010 2014211019 0
2017091423132520132110154 2012211021 上邪 20170915 134121 0 3 2011211005 2013211022 2017211016
2017091423132520132110155 2014211012 木有发 20170915 134121 5 2018211013 2018211004 2011211022 2012211019 2016211021 0
2017091423132520132110156 2015211017 gg 20170915 134121 4 2016211018 2018211006 2011211022 2012211006 1 2013211008
2017091423132520132110157 2012211013 我也很想他 20170915 134121 3 2012211009 2012211017 2018211009 1 2013211013
2017091423132520132110158 2013211021 叽叽咋咋 20170915 134121 5 2015211023 2016211023 2015211010 2014211019 2018211017 4 2015211009 2015211013 2013211014 2012211006
2017091423132520132110159 2014211016 我想打你 20170915 134121 1 2011211022 1 2015211009
20170914231325201321101510 2012211020 我想注意身体 20170915 134121 0 4 2018211012 2013211015 2011211012 2013211000
20170914231325201321101511 2018211019 我去 20170915 134121 1 2011211020 4 2017211003 2015211000 2014211001 2014211021
20170914231325201321101512 2012211003 我也很想他 20170915 134121 5 2011211005 2013211024 2016211014 2011211002 2012211010 3 2012211018 2011211013 2014211021
20170914231325201321101513 2018211015 野子 20170915 134121 4 2014211008 2014211016 2014211005 2015211008 3 2012211021 2011211001 2013211011
20170914231325201321101514 2013211002 想睡觉 20170915 134121 4 2016211021 2011211009 2012211005 2013211024 1 2018211002
20170914231325201321101515 2011211023 我知道你很喜欢我 20170915 134121 2 2015211016 2017211021 2 2015211014 2013211014
20170914231325201321101516 2016211008 南山南 20170915 134121 3 2017211000 2015211009 2017211018 1 2018211008
20170914231325201321101517 2014211024 上邪 20170915 134121 1 2011211000 2 2016211012 2016211022
20170914231325201321101518 2012211024 北海北 20170915 134121 3 2015211004 2013211011 2018211010 3 2011211022 2018211013 2011211002
20170914231325201321101519 2013211014 whatTheHell... 20170915 134121 2 2016211017 2016211003 2 2017211024 2011211005
2017091423132620142110150 2013211003 啊啊啊啊啊 20170915 134121 5 2011211006 2018211024 2011211021 2015211000 2017211004 4 2014211024 2015211007 2018211015 2013211013
2017091423132620142110151 2013211014 我知道你很喜欢我 20170915 134121 2 2013211011 2011211004 1 2015211006
2017091423132620142110152 2014211005 小酒窝 20170915 134121 3 2013211024 2014211017 2018211009 2 2018211019 2014211002
2017091423132620142110153 2011211006 放飞自我 20170915 134121 1 2015211018 0
2017091423132620142110154 2015211002 oh,gezi... 20170915 134121 1 2012211007 2 2011211024 2016211022
2017091423132620142110155 2017211021 没什么了不起的 20170915 134121 4 2017211023 2013211014 2013211022 2018211010 2 2011211000 2013211011
2017091423132620142110156 2018211008 qqqqqq 20170915 134121 2 2017211016 2012211017 4 2014211019 2015211012 2012211001 2017211015
2017091423132620142110157 2013211010 ........... 20170915 134121 4 2015211008 2016211023 2013211018 2015211016 5 2012211015 2013211005 2013211018 2011211000 2013211014
2017091423132620142110158 2011211007 你好傻 20170915 134121 3 2018211008 2015211022 2014211018 3 2011211017 2015211004 2011211020
2017091423132620142110159 2018211005 你好傻 20170915 134121 4 2016211009 2016211003 2017211017 2018211007 0
20170914231326201421101510 2011211022 我知道你很喜欢我 20170915 134121 2 2015211009 2011211011 5 2012211014 2017211005 2013211016 2016211024 2014211008
20170914231326201421101511 2018211001 我的天，怎么有你这样的人 20170915 134121 0 3 2013211021 2017211001 2011211010
20170914231326201421101512 2014211016 zz 20170915 134121 2 2011211018 2012211011 2 2018211008 2011211019
20170914231326201421101513 2018211016 没什么了不起的 20170915 134121 5 2014211006 2012211018 2014211021 2013211002 2015211012 1 2011211013
20170914231326201421101514 2016211017 上邪 20170915 134121 5 2013211019 2013211004 2014211016 2018211023 2013211024 1 2012211016
20170914231326201421101515 2011211013 你走开 20170915 134121 4 2013211002 2017211017 2017211000 2015211006 4 2017211009 2015211017 2015211023 2014211013
20170914231326201421101516 2018211002 我也很想他 20170915 134121 2 2014211013 2013211023 5 2014211007 2015211003 2017211013 2018211010 2018211013
20170914231326201421101517 2011211000 gg 20170915 134121 5 2014211018 2016211000 2016211006 2017211007 2013211013 1 2015211002
20170914231326201421101518 2014211005 木有发 20170915 134121 3 2011211021 2015211004 2011211005 2 2018211001 2018211007
20170914231326201421101519 2016211010 呵呵 20170915 134121 2 2016211018 2012211020 1 2012211018
2017091423132720122110070 2015211010 whatTheHell... 20170915 134121 3 2014211010 2012211004 2015211021 2 2012211010 2011211023
2017091423132720122110071 2016211012 我也很想他 20170915 134121 5 2012211018 2014211017 2017211006 2011211010 2011211005 4 2013211015 2011211007 2015211007 2016211014
2017091423132720122110072 2011211019 qqqqqq 20170915 134121 3 2012211020 2014211010 2017211019 4 2016211020 2015211012 2018211020 2017211015
2017091423132720122110073 2014211014 你的名字 20170915 134121 0 1 2013211006
2017091423132720122110074 2017211003 gg 20170915 134121 4 2013211020 2012211023 2017211019 2012211007 4 2017211014 2018211002 2013211012 2015211016
2017091423132720122110075 2016211024 叶子 20170915 134121 0 3 2015211021 2011211022 2012211016
2017091423132720122110076 2015211016 沃德天 20170915 134121 5 2018211014 2014211020 2015211017 2014211021 2011211014 5 2013211014 2014211004 2017211000 2012211013 2012211020
2017091423132720122110077 2017211001 hhhhh 20170915 134121 4 2017211017 2018211017 2018211013 2013211012 4 2017211001 2018211019 2013211023 2016211012
2017091423132720122110078 2016211022 ........... 20170915 134121 1 2011211015 3 2018211014 2017211024 2015211016
2017091423132720122110079 2016211011 上邪 20170915 134121 0 2 2011211011 2015211013
20170914231327201221100710 2018211002 我想注意身体 20170915 134121 0 0
20170914231327201221100711 2015211004 去你的 20170915 134121 5 2013211021 2015211008 2013211024 2017211017 2018211024 4 2016211013 2013211019 2012211002 2016211010
20170914231327201221100712 2018211022 人家会害羞的 20170915 134121 4 2017211000 2017211024 2014211022 2017211001 2 2012211019 2017211011
20170914231327201221100713 2017211023 木有发 20170915 134121 4 2018211014 2011211009 2015211023 2011211023 3 2016211011 2016211005 2012211009
20170914231327201221100714 2018211019 怎么有你这样的人 20170915 134121 3 2011211010 2016211012 2018211012 4 2011211020 2017211020 2012211009 2014211009
20170914231327201221100715 2013211019 叽叽咋咋 20170915 134121 3 2018211006 2018211010 2014211016 5 2015211015 2018211010 2011211017 2012211001 2018211012
2017091423132820152110060 2013211024 叽叽咋咋 20170915 134121 5 2011211016 2012211004 2015211023 2012211024 2014211022 0
2017091423132820152110061 2013211011 别离 20170915 134121 1 2011211018 2 2011211015 2011211016
2017091423132820152110062 2016211011 whatTheHell... 20170915 134121 3 2011211019 2017211011 2015211024 4 2017211022 2011211016 2017211017 2016211016
2017091423132820152110063 2014211007 hhhhh 20170915 134121 2 2016211024 2011211009 1 2018211018
2017091423132820152110064 2018211009 qqqqqq 20170915 134121 2 2011211010 2014211023 1 2013211013
2017091423132820152110065 2014211023 我知道你很喜欢我 20170915 134121 4 2017211015 2012211022 2013211005 2012211018 3 2014211008 2014211014 2017211022
2017091423132820152110066 2015211007 我也很想他 20170915 134121 3 2015211005 2017211015 2013211011 0
2017091423132820152110067 2011211007 你的名字 20170915 134121 1 2014211024 2 2018211006 2013211015
2017091423132820152110068 2014211009 上邪 20170915 134121 1 2013211012 1 2015211016
2017091423132820152110069 2014211001 人家会害羞的 20170915 134121 2 2014211015 2018211007 2 2017211024 2011211017
20170914231328201521100610 2011211004 去你的 20170915 134121 0 1 2016211013
20170914231328201521100611 2011211018 oh,gezi... 20170915 134121 5 2017211002 2011211011 2011211009 2016211005 2013211024 5 2016211005 2018211016 2013211018 2016211021 2015211003
20170914231328201521100612 2014211020 我的天，怎么有你这样的人 20170915 134121 4 2013211013 2011211021 2012211009 2012211003 0
20170914231328201521100613 2013211016 放飞自我 20170915 134121 3 2018211006 2017211018 2016211000 4 2016211018 2017211009 2013211022 2018211024
20170914231328201521100614 2013211013 oh,gezi... 20170915 134121 1 2012211021 1 2012211008
20170914231328201521100615 2016211001 zz 20170915 134121 4 2015211007 2017211010 2018211022 2018211002 1 2014211007
20170914231328201521100616 2017211012 我喜欢你 20170915 134121 2 2011211009 2016211016 4 2012211004 2016211021 2016211022 2016211012
20170914231328201521100617 2016211005 南山南 20170915 134121 5 2017211021 2014211005 2011211022 2011211001 2012211008 5 2012211023 2014211007 2013211010 2015211001 2013211011
20170914231328201521100618 2013211002 大雪纷飞，四季如春 20170915 134121 5 2017211024 2013211024 2012211018 2013211023 2014211014 1 2015211000
2017091423132920162110030 2014211020 南山南 20170915 134121 4 2014211012 2013211007 2013211000 2015211021 1 2012211004
2017091423132920162110031 2016211022 我也很想他 20170915 134121 4 2014211024 2013211006 2011211008 2011211000 5 2011211008 2013211004 2011211001 2014211013 2012211005
2017091423132920162110032 2011211019 怎么还没写完 20170915 134121 5 2012211018 2016211016 2012211006 2018211003 2014211013 0
2017091423132920162110033 2014211003 oh,gezi... 20170915 134121 3 2017211009 2017211021 2014211023 4 2011211009 2012211021 2018211004 2014211004
2017091423132920162110034 2012211008 大雪纷飞，四季如春 20170915 134121 3 2012211022 2012211000 2018211015 0
2017091423132920162110035 2016211008 北海北 20170915 134121 0 2 2013211007 2017211002
2017091423132920162110036 2014211009 对不起，我不适合你 20170915 134121 0 2 2014211006 2017211004
2017091423132920162110037 2012211000 叽叽咋咋 20170915 134121 3 2015211008 2015211004 2013211014 1 2018211009
2017091423132920162110038 2016211013 对不起，我不适合你 20170915 134121 5 2015211012 2011211006 2016211003 2013211021 2018211015 0
2017091423132920162110039 2015211011 zz 20170915 134121 2 2015211014 2012211015 1 2012211010
20170914231329201621100310 2018211023 放飞自我 20170915 134121 3 2015211015 2015211014 2013211008 1 2018211001
20170914231329201621100311 2015211023 嘻嘻 20170915 134121 1 2014211002 0
20170914231329201621100312 2018211005 呵呵 20170915 134121 2 2018211003 2017211008 1 2011211006
20170914231329201621100313 2011211014 想睡觉 20170915 134121 2 2013211021 2013211023 4 2012211021 2011211017 2012211016 2018211006
20170914231329201621100314 2012211009 我喜欢你 20170915 134121 3 2011211010 2018211002 2012211017 5 2013211015 2015211007 2012211019 2014211013 2013211012
20170914231329201621100315 2017211001 叶子 20170915 134121 3 2012211016 2016211006 2014211002 0
20170914231329201621100316 2017211008 我也很想他 20170915 134121 5 2016211019 2017211010 2016211001 2018211000 2018211009 3 2012211005 2013211001 2018211020
20170914231329201621100317 2017211019 你的名字 20170915 134121 2 2015211013 2017211018 0
2017091423133020172110030 2012211013 上邪 20170915 134121 4 2018211011 2014211010 2015211004 2015211011 0
2017091423133020172110031 2015211024 zz 20170915 134121 3 2016211001 2018211010 2012211017 0
2017091423133020172110032 2018211002 我也很想他 20170915 134121 1 2011211008 3 2015211006 2012211020 2018211021
2017091423133020172110033 2017211005 啊啊啊啊啊 20170915 134121 4 2013211021 2012211024 2011211020 2017211013 5 2017211001 2013211011 2013211020 2018211003 2014211012
2017091423133020172110034 2018211001 哈哈 20170915 134121 5 2011211018 2015211008 2018211024 2012211017 2011211006 2 2017211016 2015211006
2017091423133020172110035 2011211002 我也很想他 20170915 134121 3 2018211000 2018211014 2015211012 1 2014211004
2017091423133020172110036 2015211024 oh,gezi... 20170915 134121 1 2011211017 5 2013211007 2018211002 2012211009 2017211006 2016211010
2017091423133020172110037 2013211007 zz 20170915 134121 5 2018211010 2012211006 2018211012 2014211008 2012211000 5 2017211000 2015211017 2015211008 2014211007 2016211011
2017091423133020172110038 2018211004 好烦躁啊 20170915 134121 5 2011211007 2017211015 2016211016 2012211015 2014211011 5 2017211006 2011211007 2014211000 2016211013 2017211013
2017091423133020172110039 2012211022 哈哈 20170915 134121 1 2013211003 3 2013211006 2014211020 2018211019
20170914231330201721100310 2018211002 大雪纷飞，四季如春 20170915 134121 4 2013211006 2012211019 2018211013 2011211005 0
20170914231330201721100311 2018211009 qqqqqq 20170915 134121 2 2013211008 2018211016 5 2011211018 2016211006 2012211007 2013211009 2016211024
20170914231330201721100312 2018211010 上邪 20170915 134121 5 2013211007 2011211002 2015211003 2014211004 2013211003 0
20170914231330201721100313 2015211020 南山南 20170915 134121 2 2011211017 2014211021 2 2012211003 2012211011
20170914231330201721100314 2015211003 别离 20170915 134121 4 2014211003 2016211017 2011211024 2014211018 5 2013211008 2015211023 2012211011 2015211021 2017211024
20170914231330201721100315 2015211014 大雪纷飞，四季如春 20170915 134121 4 2011211006 2011211001 2014211016 2016211024 0
20170914231330201721100316 2011211014 好烦躁啊 20170915 134121 5 2011211011 2012211004 2012211022 2018211015 2014211004 5 2013211012 2016211012 2017211009 2016211021 2014211002
20170914231330201721100317 2013211022 你走开 20170915 134121 3 2012211001 2016211003 2013211022 3 2015211011 2015211003 2011211018
2017091423133120112110040 2013211001 事情好多啊 20170915 134121 0 2 2017211024 2012211019
2017091423133120112110041 2014211003 我想打你 20170915 134121 1 2015211016 4 2014211000 2017211007 2013211013 2015211014
2017091423133120112110042 2018211022 木有发 20170915 134121 1 2011211000 3 2011211024 2015211015 2018211008
2017091423133120112110043 2018211016 我喜欢你 20170915 134121 4 2013211023 2018211003 2017211021 2013211016 4 2018211005 2017211011 2015211010 2017211023
2017091423133120112110044 2017211018 whatTheHell... 20170915 134121 0 5 2014211022 2015211000 2013211011 2011211008 2016211012
2017091423133120112110045 2017211012 伤悲 20170915 134121 0 2 2012211002 2018211002
2017091423133120112110046 2018211002 我知道你很喜欢我 20170915 134121 4 2011211011 2016211000 2014211023 2012211005 4 2014211017 2016211022 2011211014 2013211007
2017091423133120112110047 2017211007 你的名字 20170915 134121 2 2017211007 2011211024 3 2015211007 2018211015 2013211004
2017091423133120112110048 2018211013 怎么还没写完 20170915 134121 5 2012211016 2014211010 2015211009 2012211021 2011211004 5 2016211005 2013211017 2016211001 2015211010 2013211011
2017091423133120112110049 2015211016 上邪 20170915 134121 0 5 2013211018 2016211005 2011211015 2013211006 2011211011
20170914231331201121100410 2017211012 小酒窝 20170915 134121 2 2015211014 2012211013 5 2013211005 2013211017 2016211001 2013211006 2016211017
20170914231331201121100411 2015211007 野子 20170915 134121 0 2 2015211001 2014211016
20170914231331201121100412 2016211022 沃德天 20170915 134121 1 2011211004 4 2011211021 2015211004 2012211020 2018211008
20170914231331201121100413 2015211016 我也很想他 20170915 134121 2 2017211006 2018211019 4 2016211018 2014211008 2018211006 2011211016
20170914231331201121100414 2017211023 北海北 20170915 134121 2 2017211004 2014211011 4 2013211012 2012211002 2013211007 2012211004
20170914231331201121100415 2017211021 小酒窝 20170915 134121 0 0
20170914231331201121100416 2012211005 qqqqqq 20170915 134121 5 2016211012 2016211022 2018211002 2016211005 2013211007 5 2011211005 2016211002 2018211015 2012211014 2018211005
