hhhhhhhhhhhhhh 201709211027382015211001 sfsgsg 0
XXXXXX 201709211013572015211001 jhsfajfa 0
jjjj 201709210010532015211001 jjjjj 0
hhhhh 201709210010382015211001 hhhhhh 0
别熬夜了，生命不会跟你开玩笑 201709142313312011211004 别熬夜了，生命不会跟你开玩笑 17 2017091423133120112110040 2017091423133120112110041 20170914231331201121100410 20170914231331201121100411 20170914231331201121100412 20170914231331201121100413 20170914231331201121100414 20170914231331201121100415 20170914231331201121100416 2017091423133120112110042 2017091423133120112110043 2017091423133120112110044 2017091423133120112110045 2017091423133120112110046 2017091423133120112110047 2017091423133120112110048 2017091423133120112110049
如何评价韩寒的小说？ 201709142313302017211003 如何评价韩寒的小说？ 18 2017091423133020172110030 2017091423133020172110031 20170914231330201721100310 20170914231330201721100311 20170914231330201721100312 20170914231330201721100313 20170914231330201721100314 20170914231330201721100315 20170914231330201721100316 20170914231330201721100317 2017091423133020172110032 2017091423133020172110033 2017091423133020172110034 2017091423133020172110035 2017091423133020172110036 2017091423133020172110037 2017091423133020172110038 2017091423133020172110039
有哪些令你惊艳的人名字？ 201709142313292016211003 有哪些令你惊艳的人名字？ 18 2017091423132920162110030 2017091423132920162110031 20170914231329201621100310 20170914231329201621100311 20170914231329201621100312 20170914231329201621100313 20170914231329201621100314 20170914231329201621100315 20170914231329201621100316 20170914231329201621100317 2017091423132920162110032 2017091423132920162110033 2017091423132920162110034 2017091423132920162110035 2017091423132920162110036 2017091423132920162110037 2017091423132920162110038 2017091423132920162110039
什么食物吃完之后能让人觉得幸福？ 201709142313282015211006 什么食物吃完之后能让人觉得幸福？ 19 2017091423132820152110060 2017091423132820152110061 20170914231328201521100610 20170914231328201521100611 20170914231328201521100612 20170914231328201521100613 20170914231328201521100614 20170914231328201521100615 20170914231328201521100616 20170914231328201521100617 20170914231328201521100618 2017091423132820152110062 2017091423132820152110063 2017091423132820152110064 2017091423132820152110065 2017091423132820152110066 2017091423132820152110067 2017091423132820152110068 2017091423132820152110069
吃火锅时最讨厌什么？ 201709142313272012211007 吃火锅时最讨厌什么？ 16 2017091423132720122110070 2017091423132720122110071 20170914231327201221100710 20170914231327201221100711 20170914231327201221100712 20170914231327201221100713 20170914231327201221100714 20170914231327201221100715 2017091423132720122110072 2017091423132720122110073 2017091423132720122110074 2017091423132720122110075 2017091423132720122110076 2017091423132720122110077 2017091423132720122110078 2017091423132720122110079
为什么部分儿时优秀者，长大后十分平凡？ 201709142313262014211015 为什么部分儿时优秀者，长大后十分平凡？ 20 2017091423132620142110150 2017091423132620142110151 20170914231326201421101510 20170914231326201421101511 20170914231326201421101512 20170914231326201421101513 20170914231326201421101514 20170914231326201421101515 20170914231326201421101516 20170914231326201421101517 20170914231326201421101518 20170914231326201421101519 2017091423132620142110152 2017091423132620142110153 2017091423132620142110154 2017091423132620142110155 2017091423132620142110156 2017091423132620142110157 2017091423132620142110158 2017091423132620142110159
java程序员笑不死的经历，你懂了吗？ 201709142313252013211015 java程序员笑不死的经历，你懂了吗？ 20 2017091423132520132110150 2017091423132520132110151 20170914231325201321101510 20170914231325201321101511 20170914231325201321101512 20170914231325201321101513 20170914231325201321101514 20170914231325201321101515 20170914231325201321101516 20170914231325201321101517 20170914231325201321101518 20170914231325201321101519 2017091423132520132110152 2017091423132520132110153 2017091423132520132110154 2017091423132520132110155 2017091423132520132110156 2017091423132520132110157 2017091423132520132110158 2017091423132520132110159
如何评价9月13日发布的iPhoneX？ 201709142313242015211012 如何评价9月13日发布的iPhoneX？ 20 2017091423132420152110120 2017091423132420152110121 20170914231324201521101210 20170914231324201521101211 20170914231324201521101212 20170914231324201521101213 20170914231324201521101214 20170914231324201521101215 20170914231324201521101216 20170914231324201521101217 20170914231324201521101218 20170914231324201521101219 2017091423132420152110122 2017091423132420152110123 2017091423132420152110124 2017091423132420152110125 2017091423132420152110126 2017091423132420152110127 2017091423132420152110128 2017091423132420152110129
如何评价蔡澜先生？ 201709142313232016211024 如何评价蔡澜先生？ 17 2017091423132320162110240 2017091423132320162110241 20170914231323201621102410 20170914231323201621102411 20170914231323201621102412 20170914231323201621102413 20170914231323201621102414 20170914231323201621102415 20170914231323201621102416 2017091423132320162110242 2017091423132320162110243 2017091423132320162110244 2017091423132320162110245 2017091423132320162110246 2017091423132320162110247 2017091423132320162110248 2017091423132320162110249
正宗的担担面是怎样的？ 201709142313222012211002 正宗的担担面是怎样的？ 15 2017091423132220122110020 2017091423132220122110021 20170914231322201221100210 20170914231322201221100211 20170914231322201221100212 20170914231322201221100213 20170914231322201221100214 2017091423132220122110022 2017091423132220122110023 2017091423132220122110024 2017091423132220122110025 2017091423132220122110026 2017091423132220122110027 2017091423132220122110028 2017091423132220122110029
哪家航空公司的飞机餐最好吃？ 201709142313212015211007 哪家航空公司的飞机餐最好吃？ 17 2017091423132120152110070 2017091423132120152110071 20170914231321201521100710 20170914231321201521100711 20170914231321201521100712 20170914231321201521100713 20170914231321201521100714 20170914231321201521100715 20170914231321201521100716 2017091423132120152110072 2017091423132120152110073 2017091423132120152110074 2017091423132120152110075 2017091423132120152110076 2017091423132120152110077 2017091423132120152110078 2017091423132120152110079
iPhoneX对得起国行8388元的售价吗？ 201709142313202017211018 iPhoneX对得起国行8388元的售价吗？ 20 2017091423132020172110180 2017091423132020172110181 20170914231320201721101810 20170914231320201721101811 20170914231320201721101812 20170914231320201721101813 20170914231320201721101814 20170914231320201721101815 20170914231320201721101816 20170914231320201721101817 20170914231320201721101818 20170914231320201721101819 2017091423132020172110182 2017091423132020172110183 2017091423132020172110184 2017091423132020172110185 2017091423132020172110186 2017091423132020172110187 2017091423132020172110188 2017091423132020172110189
为什么中国南北方的部分烧烤食物口味差异较大？ 201709142313192011211006 为什么中国南北方的部分烧烤食物口味差异较大？ 20 2017091423131920112110060 2017091423131920112110061 20170914231319201121100610 20170914231319201121100611 20170914231319201121100612 20170914231319201121100613 20170914231319201121100614 20170914231319201121100615 20170914231319201121100616 20170914231319201121100617 20170914231319201121100618 20170914231319201121100619 2017091423131920112110062 2017091423131920112110063 2017091423131920112110064 2017091423131920112110065 2017091423131920112110066 2017091423131920112110067 2017091423131920112110068 2017091423131920112110069
海淀高校食堂鄙视链 201709142313182016211021 海淀高校食堂鄙视链 18 2017091423131820162110210 2017091423131820162110211 20170914231318201621102110 20170914231318201621102111 20170914231318201621102112 20170914231318201621102113 20170914231318201621102114 20170914231318201621102115 20170914231318201621102116 20170914231318201621102117 2017091423131820162110212 2017091423131820162110213 2017091423131820162110214 2017091423131820162110215 2017091423131820162110216 2017091423131820162110217 2017091423131820162110218 2017091423131820162110219
哪两种常见的饮料混合起来有很好的味道？ 201709142313172017211007 哪两种常见的饮料混合起来有很好的味道？ 17 2017091423131720172110070 2017091423131720172110071 20170914231317201721100710 20170914231317201721100711 20170914231317201721100712 20170914231317201721100713 20170914231317201721100714 20170914231317201721100715 20170914231317201721100716 2017091423131720172110072 2017091423131720172110073 2017091423131720172110074 2017091423131720172110075 2017091423131720172110076 2017091423131720172110077 2017091423131720172110078 2017091423131720172110079
淘宝上有什么好吃的值得推荐？ 201709142313162017211019 淘宝上有什么好吃的值得推荐？ 18 2017091423131620172110190 2017091423131620172110191 20170914231316201721101910 20170914231316201721101911 20170914231316201721101912 20170914231316201721101913 20170914231316201721101914 20170914231316201721101915 20170914231316201721101916 20170914231316201721101917 2017091423131620172110192 2017091423131620172110193 2017091423131620172110194 2017091423131620172110195 2017091423131620172110196 2017091423131620172110197 2017091423131620172110198 2017091423131620172110199
有没有其他人不喜欢吃，但是你喜欢的食物？ 201709142313152012211009 有没有其他人不喜欢吃，但是你喜欢的食物？ 15 2017091423131520122110090 2017091423131520122110091 20170914231315201221100910 20170914231315201221100911 20170914231315201221100912 20170914231315201221100913 20170914231315201221100914 2017091423131520122110092 2017091423131520122110093 2017091423131520122110094 2017091423131520122110095 2017091423131520122110096 2017091423131520122110097 2017091423131520122110098 2017091423131520122110099
如何在星巴克点一杯好喝的饮料？ 201709142313142012211002 如何在星巴克点一杯好喝的饮料？ 17 2017091423131420122110020 2017091423131420122110021 20170914231314201221100210 20170914231314201221100211 20170914231314201221100212 20170914231314201221100213 20170914231314201221100214 20170914231314201221100215 20170914231314201221100216 2017091423131420122110022 2017091423131420122110023 2017091423131420122110024 2017091423131420122110025 2017091423131420122110026 2017091423131420122110027 2017091423131420122110028 2017091423131420122110029
身为一个会做饭，热爱美食的医生是一种怎样的体验？ 201709142313132012211003 身为一个会做饭，热爱美食的医生是一种怎样的体验？ 15 2017091423131320122110030 2017091423131320122110031 20170914231313201221100310 20170914231313201221100311 20170914231313201221100312 20170914231313201221100313 20170914231313201221100314 2017091423131320122110032 2017091423131320122110033 2017091423131320122110034 2017091423131320122110035 2017091423131320122110036 2017091423131320122110037 2017091423131320122110038 2017091423131320122110039
需要性教育的不是小孩，是你啊！ 201709142313122015211013 需要性教育的不是小孩，是你啊！ 18 2017091423131220152110130 2017091423131220152110131 20170914231312201521101310 20170914231312201521101311 20170914231312201521101312 20170914231312201521101313 20170914231312201521101314 20170914231312201521101315 20170914231312201521101316 20170914231312201521101317 2017091423131220152110132 2017091423131220152110133 2017091423131220152110134 2017091423131220152110135 2017091423131220152110136 2017091423131220152110137 2017091423131220152110138 2017091423131220152110139
他很漂亮 201709142313112011211017 他很漂亮 19 2017091423131120112110170 2017091423131120112110171 20170914231311201121101710 20170914231311201121101711 20170914231311201121101712 20170914231311201121101713 20170914231311201121101714 20170914231311201121101715 20170914231311201121101716 20170914231311201121101717 20170914231311201121101718 2017091423131120112110172 2017091423131120112110173 2017091423131120112110174 2017091423131120112110175 2017091423131120112110176 2017091423131120112110177 2017091423131120112110178 2017091423131120112110179
我和漂亮 201709142313102016211010 我和漂亮 15 2017091423131020162110100 2017091423131020162110101 20170914231310201621101010 20170914231310201621101011 20170914231310201621101012 20170914231310201621101013 20170914231310201621101014 2017091423131020162110102 2017091423131020162110103 2017091423131020162110104 2017091423131020162110105 2017091423131020162110106 2017091423131020162110107 2017091423131020162110108 2017091423131020162110109